3239
1023
6300
9828
4807
3118
3712
1581
9576
3181
1678
2622
4838
3563
7735
1366
6211
2485
7007
8442
4242
7288
4646
134
1799
7536
9174
2183
7842
3803
7304
9950
3365
2833
3873
7537
2248
1122
2186
3161
1290
8060
954
7830
1484
8568
7510
3425
8983
5599
9577
7741
8389
8391
4134
4124
886
996
8686
3990
2818
780
7839
8288
8193
6896
9587
3535
1626
6274
4372
219
6232
786
6001
1590
3093
1400
4381
2625
4359
7840
461
7119
5474
6238
1816
6567
5567
8474
1488
7062
8845
8370
4625
2119
5439
5184
2938
9143
254
1011
5703
3189
7279
2780
7104
7040
8914
952
5095
3204
2895
1851
626
3614
4437
2226
3600
9664
7145
9912
271
9123
7492
10000
7143
4072
1141
4274
4428
7681
2966
5544
7452
1205
5659
6977
940
4617
8348
2500
4024
1150
7991
1522
4727
6671
160
3354
4786
408
3963
2756
6606
4894
2910
2674
8443
1890
6411
6887
1887
6925
6532
3902
2608
9633
1107
4378
4484
945
9376
9999
8149
4568
4375
1576
3940
3113
4517
9218
5354
7541
8833
2420
7009
1632
4293
4978
8153
1775
3828
8581
6260
7820
250
2221
5373
8726
